// Helper function (add once to course definition file)
// function parseCoords(spec) {
//   const layout = {};
//   for (const [type, coords] of Object.entries(spec)) {
//     if (typeof coords === 'string') {
//       coords.trim().split(/\s+/).forEach(c => { if (c) layout[c] = type; });
//     }
//   }
//   return layout;
// }

// Hole 3: Par 3 (Neon Windmill & Warp Tubes)
export const crazyHole03 = {
  id: 3,
  par: 3,
  name: "Neon Windmill & Warp Tubes",
  subtitle: "Crazy Miniature Golf Prototype",
  isCrazyGolf: true,
  windmillPos: { q: 0, r: -8 },
  tubeInPos: { q: -2, r: -6 },
  tubeOutPos: { q: 8, r: -21 },
  tee: { q: 0, r: 0 },
  hole: { q: 0, r: -12 },
  slopeArrows: {},
  layout: parseCoords({
    tee: "0,0",
    hole: "0,-12",
    crazy_fairway: `
      9,-23 8,-22 9,-22 7,-21 9,-21 6,-20 7,-20 8,-20 9,-20 5,-19
      6,-19 7,-19 9,-19 4,-18 5,-18 6,-18 7,-18 8,-18 3,-17 4,-17
      5,-17 6,-17 7,-17 2,-16 3,-16 4,-16 5,-16 6,-16 1,-15 2,-15
      3,-15 4,-15 5,-15 -9,-14 -8,-14 -7,-14 -6,-14 -5,-14 -4,-14 -3,-14
      -2,-14 -1,-14 0,-14 1,-14 2,-14 3,-14 4,-14 -9,-13 -7,-13 -6,-13
      -5,-13 -4,-13 -3,-13 -2,-13 -1,-13 0,-13 1,-13 2,-13 3,-13 -9,-12
      -8,-12 -7,-12 -6,-12 -5,-12 -4,-12 -3,-12 -2,-12 -1,-12 1,-12 2,-12
      -9,-11 -7,-11 -6,-11 -5,-11 -4,-11 -3,-11 -2,-11 -1,-11 0,-11 1,-11
      -9,-10 -8,-10 -7,-10 -6,-10 -5,-10 -4,-10 -3,-10 -2,-10 -1,-10 0,-10
      0,-9 0,-7 1,-7 2,-7 -1,-6 0,-6 1,-6 2,-6 -2,-5 -1,-5
      0,-5 1,-5 2,-5 -2,-4 -1,-4 0,-4 1,-4 2,-4 -2,-3 -1,-3
      0,-3 1,-3 2,-3 -2,-2 -1,-2 0,-2 1,-2 2,-2 -2,-1 -1,-1
      0,-1 1,-1 2,-1 -2,0 -1,0 1,0 -2,1 -1,1 0,1 1,1
      -1,2
    `,
    bumper: `
      10,-25 9,-24 10,-24 8,-23 10,-23 7,-22 10,-22 6,-21 10,-21 5,-20
      10,-20 4,-19 10,-19 3,-18 9,-18 2,-17 8,-17 1,-16 7,-16 -10,-15
      -9,-15 -8,-15 -7,-15 -6,-15 -5,-15 -4,-15 -3,-15 -2,-15 -1,-15 0,-15
      6,-15 -10,-14 5,-14 -10,-13 4,-13 -10,-12 3,-12 -10,-11 2,-11 -10,-10
      1,-10 -10,-9 -9,-9 -8,-9 -7,-9 -6,-9 -5,-9 -4,-9 -3,-9 -2,-9
      -1,-9 1,-9 2,-9 3,-9 -1,-8 3,-8 -2,-7 3,-7 -3,-6 3,-6
      -3,-5 3,-5 -3,-4 3,-4 -3,-3 3,-3 -3,-2 3,-2 -3,-1 3,-1
      -3,0 2,0 -3,1 2,1 -3,2 -2,2 0,2 1,2 -2,3 -1,3
    `,
    windmill: "0,-8",
    tube_in: "1,-8 2,-8 -1,-7 -2,-6",
    tube_out: "8,-21 8,-19 -8,-13 -8,-11"
  })
};